
  klsp  sol  label                 2J  parity      E_Ry          E_eV          E_cm           E_au              E_bind  target  channel

    1    1   4p-2.4p4.5s.1/2         1    1      -0.14836      -4.03703      -32560.8      -2979.82827550      -0.14836     1     1
    2    1   4p-2.4p4.5p-.1/2*       1   -1      -0.09535      -2.59452      -20926.2      -2979.77526410      -0.09535     1     1
    3    1   4p-2.4p4.5p.3/2*        3   -1      -0.09374      -2.55083      -20573.9      -2979.77365854      -0.09374     1     1
    4    1   4p-2.4p4.4d-.3/2        3    1      -0.06348      -1.72750      -13933.2      -2979.74340136      -0.06348     1     1
    5    1   4p-2.4p4.4d.5/2         5    1      -0.06328      -1.72204      -13889.2      -2979.74320062      -0.06328     1     1
    1    2   4p-2.4p4.6s.1/2         1    1      -0.06082      -1.65490      -13347.6      -2979.74073325      -0.06082     1     1
    2    2   4p-2.4p4.6p-.1/2*       1   -1      -0.04515      -1.22867       -9909.9      -2979.72506980      -0.04515     1     1
    3    2   4p-2.4p4.6p.3/2*        3   -1      -0.04466      -1.21514       -9800.8      -2979.72457250      -0.04466     1     1
    4    2   4p-2.4p4.5d-.3/2        3    1      -0.03545      -0.96465       -7780.4      -2979.71536700      -0.03545     1     1
    5    2   4p-2.4p4.5d.5/2         5    1      -0.03536      -0.96222       -7760.8      -2979.71527774      -0.03536     1     1
    1    3   4p-2.4p4.7s.1/2         1    1      -0.03323      -0.90434       -7294.0      -2979.71315058      -0.03323     1     1
    7    1   4p-2.4p4.4f.7/2*        7   -1      -0.03134      -0.85268       -6877.4      -2979.71125230      -0.03134     1     1
    6    1   4p-2.4p4.4f-.5/2*       5   -1      -0.03133      -0.85256       -6876.4      -2979.71124776      -0.03133     1     1
    2    3   4p-2.4p4.7p-.1/2*       1   -1      -0.02636      -0.71728       -5785.3      -2979.70627649      -0.02636     1     1
    3    3   4p-2.4p4.7p.3/2*        3   -1      -0.02612      -0.71082       -5733.2      -2979.70603891      -0.02612     1     1
    4    3   4p-2.4p4.6d-.3/2        3    1      -0.02177      -0.59250       -4778.9      -2979.70169085      -0.02177     1     1
    5    3   4p-2.4p4.6d.5/2         5    1      -0.02172      -0.59105       -4767.1      -2979.70163729      -0.02172     1     1
    1    4   4p-2.4p4.8s.1/2         1    1      -0.01947      -0.52985       -4273.5      -2979.69938827      -0.01947     1     1
    7    2   4p-2.4p4.5f.7/2*        7   -1      -0.01941      -0.52804       -4258.9      -2979.69932185      -0.01941     1     1
    6    2   4p-2.4p4.5f-.5/2*       5   -1      -0.01940      -0.52792       -4257.9      -2979.69931729      -0.01940     1     1
    2    4   4p-2.4p4.8p-.1/2*       1   -1      -0.01371      -0.37295       -3008.0      -2979.69362234      -0.01371     1     1
    3    4   4p-2.4p4.8p.3/2*        3   -1      -0.01345      -0.36604       -2952.3      -2979.69336854      -0.01345     1     1
    4    4   4p-2.4p4.7d-.3/2        3    1      -0.00970      -0.26386       -2128.2      -2979.68961344      -0.00970     1     1
    5    4   4p-2.4p4.7d.5/2         5    1      -0.00963      -0.26205       -2113.5      -2979.68954664      -0.00963     1     1
    7    3   4p-2.4p4.6f.7/2*        7   -1      -0.00792      -0.21558       -1738.7      -2979.68783895      -0.00792     1     1
    6    3   4p-2.4p4.6f-.5/2*       5   -1      -0.00791      -0.21535       -1737.0      -2979.68783078      -0.00791     1     1
    1    5   4p-2.4p4.9s.1/2         1    1      -0.00459      -0.12489       -1007.3      -2979.68450623      -0.00459     1     1
    2    5   4p-2.4p4.kp-.1/2*       1   -1       0.00283       0.07700         621.1      -2979.67708684       0.00283     1     1
    3    5   4p-2.4p4.kp.3/2*        3   -1       0.00318       0.08647         697.4      -2979.67673880       0.00318     1     1
    4    5   4p-2.4p4.kd-.3/2        3    1       0.00657       0.17873        1441.5      -2979.67334839       0.00657     1     1
    5    5   4p-2.4p4.kd.5/2         5    1       0.00666       0.18112        1460.8      -2979.67326068       0.00666     1     1
    7    4   4p-2.4p4.kf.7/2*        7   -1       0.00795       0.21642        1745.6      -2979.67196318       0.00795     1     1
    6    4   4p-2.4p4.kf-.5/2*       5   -1       0.00797       0.21683        1748.9      -2979.67194801       0.00797     1     1
    1    6   4p-2.4p4.ks.1/2         1    1       0.01547       0.42098        3395.4      -2979.66444569       0.01547     1     1
    2    6   4p-2.4p4.kp-.1/2*       1   -1       0.02440       0.66383        5354.2      -2979.65552108       0.02440     1     1
    3    6   4p-2.4p4.kp.3/2*        3   -1       0.02483       0.67571        5450.0      -2979.65508447       0.02483     1     1
    4    6   4p-2.4p4.kd-.3/2        3    1       0.02723       0.74103        5976.8      -2979.65268404       0.02723     1     1
    5    6   4p-2.4p4.kd.5/2         5    1       0.02734       0.74396        6000.4      -2979.65257644       0.02734     1     1
    7    5   4p-2.4p4.kf.7/2*        7   -1       0.02831       0.77041        6213.8      -2979.65160421       0.02831     1     1
    6    5   4p-2.4p4.kf-.5/2*       5   -1       0.02834       0.77112        6219.5      -2979.65157834       0.02834     1     1
    1    7   4p-2.4p4.ks.1/2         1    1       0.04043       1.10022        8873.8      -2979.63948415       0.04043     1     1
    2    7   4p-2.4p4.kp-.1/2*       1   -1       0.05065       1.37818       11115.8      -2979.62926902       0.05065     1     1
    3    7   4p-2.4p4.kp.3/2*        3   -1       0.05117       1.39236       11230.2      -2979.62874782       0.05117     1     1
    4    7   4p-2.4p4.kd-.3/2        3    1       0.05209       1.41757       11433.4      -2979.62782170       0.05209     1     1
    5    7   4p-2.4p4.kd.5/2         5    1       0.05222       1.42106       11461.6      -2979.62769332       0.05222     1     1
    7    6   4p-2.4p4.kf.7/2*        7   -1       0.05295       1.44090       11621.6      -2979.62696431       0.05295     1     1
    6    6   4p-2.4p4.kf-.5/2*       5   -1       0.05299       1.44202       11630.7      -2979.62692312       0.05299     1     1
    1    8   4p-2.4p4.ks.1/2         1    1       0.07002       1.90533       15367.5      -2979.60989674       0.07002     1     1
    4    8   4p-2.4p4.kd-.3/2        3    1       0.08108       2.20625       17794.6      -2979.59883788       0.08108     1     1
    5    8   4p-2.4p4.kd.5/2         5    1       0.08123       2.21037       17827.8      -2979.59868643       0.08123     1     1
    2    8   4p-2.4p4.kp-.1/2*       1   -1       0.08139       2.21463       17862.2      -2979.59852979       0.08139     1     1
    7    7   4p-2.4p4.kf.7/2*        7   -1       0.08175       2.22461       17942.7      -2979.59816312       0.08175     1     1
    6    7   4p-2.4p4.kf-.5/2*       5   -1       0.08182       2.22630       17956.3      -2979.59810123       0.08182     1     1
    3    8   4p-2.4p4.kp.3/2*        3   -1       0.08199       2.23108       17994.8      -2979.59792553       0.08199     1     1
    1    9   4p-2.4p4.ks.1/2         1    1       0.10408       2.83207       22842.2      -2979.57583925       0.10408     1     1
    4    9   4p-2.4p4.kd-.3/2        3    1       0.11416       3.10644       25055.1      -2979.56575638       0.11416     1     1
    5    9   4p-2.4p4.kd.5/2         5    1       0.11434       3.11127       25094.1      -2979.56557881       0.11434     1     1
    7    8   4p-2.4p4.kf.7/2*        7   -1       0.11464       3.11940       25159.7      -2979.56528001       0.11464     1     1
    6    8   4p-2.4p4.kf-.5/2*       5   -1       0.11473       3.12181       25179.1      -2979.56519147       0.11473     1     1
    2    9   4p-2.4p4.kp-.1/2*       1   -1       0.11650       3.17001       25567.9      -2979.56342013       0.11650     1     1
    3    9   4p-2.4p4.kp.3/2*        3   -1       0.11718       3.18871       25718.7      -2979.56273302       0.11718     1     1
    1   10   4p-2.4p4.ks.1/2         1    1       0.14251       3.87779       31276.5      -2979.53740956       0.14251     1     1
    4   10   4p-2.4p4.kd-.3/2        3    1       0.15133       4.11795       33213.5      -2979.52858366       0.15133     1     1
    5   10   4p-2.4p4.kd.5/2         5    1       0.15154       4.12358       33258.9      -2979.52837684       0.15154     1     1
    7    9   4p-2.4p4.kf.7/2*        7   -1       0.15154       4.12365       33259.5      -2979.52837421       0.15154     1     1
    6    9   4p-2.4p4.kf-.5/2*       5   -1       0.15166       4.12696       33286.2      -2979.52825261       0.15166     1     1
    2   10   4p-2.4p4.kp-.1/2*       1   -1       0.15590       4.24222       34215.8      -2979.52401679       0.15590     1     1
    3   10   4p-2.4p4.kp.3/2*        3   -1       0.15667       4.26319       34385.0      -2979.52324608       0.15667     1     1
    7   10   4p-2.4p4.kf.7/2*        7   -1       0.19242       5.23605       42231.6      -2979.48749425       0.19242     1     1
    6   10   4p-2.4p4.kf-.5/2*       5   -1       0.19258       5.24044       42267.0      -2979.48733282       0.19258     1     1
    8    1   4p3.5p.1_4d.7/2         7    1       0.55456      15.09016      121710.4      -2979.12535988      -0.16018     6     8
    8    2   4p3.5p-.2_4d-.7/2       7    1       0.56262      15.30957      123480.0      -2979.11729683      -0.15361     7     9
    9    1   4p3.5p-.2_4d.9/2        9    1       0.57433      15.62819      126049.9      -2979.10558740      -0.14190     7     4
    8    3   4p3.5p.2_4d.7/2         7    1       0.57500      15.64637      126196.5      -2979.10491929      -0.15016     8    12
    8    4   4p3.5p-.1_4d.7/2        7    1       0.57746      15.71347      126737.7      -2979.10245360      -0.13637     5     7
    9    2   4p3.5p.2_4d.9/2         9    1       0.57956      15.77049      127197.6      -2979.10035811      -0.14560     8     5
    8    5   4p3.5p.2_4d-.7/2        7    1       0.58000      15.78244      127294.0      -2979.09991892      -0.14516     8    11
    8    6   4p3.5s.1_4f-.7/2        7    1       0.58608      15.94787      128628.2      -2979.09383963      -0.03844     2     1
    8    7   4p3.5s.1_4f.7/2         7    1       0.58627      15.95317      128671.0      -2979.09364479      -0.03825     2     2
    9    3   4p3.5s.1_5f.9/2         9    1       0.58690      15.97037      128809.8      -2979.09301244      -0.03762     2     1
    8    8   4p3.5s.1_5f.7/2         7    1       0.59791      16.26975      131224.4      -2979.08201036      -0.02661     2     2
    8    9   4p3.5s.1_5f-.7/2        7    1       0.59806      16.27394      131258.2      -2979.08185650      -0.02646     2     1
    9    4   4p3.5s.1_6f.9/2         9    1       0.59835      16.28174      131321.1      -2979.08156994      -0.02617     2     1
    8   10   4p-.4p4.5p.2_4d-.7/2    7    1       0.60315      16.41249      132375.7      -2979.07676481      -0.15168    11    15
    9    5   4p-.4p4.5p.2_4d.9/2     9    1       0.60558      16.47846      132907.7      -2979.07434068      -0.14925    11     6
    9    6   4p3.4d-.1_5f.9/2        9    1       0.60905      16.57290      133669.5      -2979.07086977      -0.06548     4     3
    9    7   4p3.5s.1_6f.9/2         9    1       0.61000      16.59894      133879.5      -2979.06991284      -0.01452     2     1
    9    8   4p3.4d-.1_5f.9/2        9    1       0.62093      16.89629      136277.8      -2979.05898531      -0.05360     4     3
    9    9   4p3.5s.1_kf.9/2         9    1       0.62540      17.01777      137257.6      -2979.05452115       0.00088     2     1
    9   10   4p-.4p4.5s.1_4f.9/2     9    1       0.62812      17.09182      137854.8      -2979.05179984      -0.02620     3     2
*

You may change any parameter below and re=run

Z    =  37.000
AWT  =   0.000

E0   =     -2979.67991659
Emin =    -37557.73046045
Emax =         0.00000000

klsp1 =   1
klsp2 =  99
klsp3 =   1

au_eV=        27.211214
au_cm=    219473.263205
cm_ev=      8065.544781

nstate =    90
