      -2979.67991659      -2979.67991659          0.00000000     targ_001
      -2979.05596002      -2979.05539687         -0.00056315     targ_002
      -2979.02602672      -2979.02560415         -0.00042257     targ_003
      -2979.01272550      -2979.00538695         -0.00733855     targ_004
      -2978.96873608      -2978.96608447         -0.00265161     targ_005
      -2978.96373533      -2978.96518408          0.00144875     targ_006
      -2978.96321471      -2978.96368637          0.00047166     targ_007
      -2978.95474652      -2978.95475880          0.00001228     targ_008
      -2978.94274199      -2978.93041440         -0.01232759     targ_009
      -2978.93029743      -2978.92750933         -0.00278810     targ_010
      -2978.92694406      -2978.92508824         -0.00185582     targ_011
      -2978.92505156      -2978.90505233         -0.01999923     targ_012
      -2978.85553147      -2978.90154541          0.04601394     targ_013
