  e + Rb+
--------------------------------------------------------------------------------
nz    =   37      !   nuclear charge
nelc  =   36      !   number of electrons
--------------------------------------------------------------------------------
ntarg =   13      !   number of target states
--------------------------------------------------------------------------------
4p6_1S                          targ_001       0   1    -2979.67991659    1    3
4p5_5s_j1a                      targ_002       2  -1    -2979.05539687    1    1
4p5_5s_j1b                      targ_003       2  -1    -2979.02560415    1    0
4p5_4d_j1a                      targ_004       2  -1    -2979.00538695    1    1
4p5_5p_j1a                      targ_005       2   1    -2978.96608447    1    1
4p5_5p_j1b                      targ_006       2   1    -2978.96518408    1    1
4p5_5p_j2a                      targ_007       4   1    -2978.96368637    1    0
4p5_5p_j2b                      targ_008       4   1    -2978.95475880    1    0
4p5_5p_j1c                      targ_009       2   1    -2978.93041440    1    0
4p5_5p_j1d                      targ_010       2   1    -2978.92750933    1    0
4p5_5p_j2c                      targ_011       4   1    -2978.92508824    1    0
4p5_4d_j1b                      targ_012       2  -1    -2978.90505233    1    0
4p5_4d_j1c                      targ_013       2  -1    -2978.90154541    1    1
--------------------------------------------------------------------------------
nct =     13
nwt =     17
--------------------------------------------------------------------------------
nlsp  =    9      !   number of partial waves
--------------------------------------------------------------------------------
  1.   1   1
  2.   1  -1
  3.   3  -1
  4.   3   1
  5.   5   1
  6.   5  -1
  7.   7  -1
  8.   7   1
  9.   9   1
--------------------------------------------------------------------------------
channels:
--------------------------------------------------------------------------------
  1.   nch =  25    nc =      25       0
--------------------------------------------------------------------------------
  1.   ks 2   -1    1          1
  2.   kp-2    1    2          2
  3.   kp 2   -2    2          3
  4.   kp-3    1    3          4
  5.   kp 3   -2    3          5
  6.   kp-4    1    4          6
  7.   kp 4   -2    4          7
  8.   ks 3   -1    5          8
  9.   kd-2    2    5          9
 10.   ks 4   -1    6         10
 11.   kd-3    2    6         11
 12.   kd-4    2    7         12
 13.   kd 2   -3    7         13
 14.   kd-5    2    8         14
 15.   kd 3   -3    8         15
 16.   ks 5   -1    9         16
 17.   kd-6    2    9         17
 18.   ks 6   -1   10         18
 19.   kd-7    2   10         19
 20.   kd-8    2   11         20
 21.   kd 4   -3   11         21
 22.   kp-5    1   12         22
 23.   kp 5   -2   12         23
 24.   kp-6    1   13         24
 25.   kp 6   -2   13         25
--------------------------------------------------------------------------------
  2.   nch =  25    nc =      25       0
--------------------------------------------------------------------------------
  1.   kp-2    1    1          1
  2.   ks 2   -1    2          2
  3.   kd-2    2    2          3
  4.   ks 3   -1    3          4
  5.   kd-3    2    3          5
  6.   ks 4   -1    4          6
  7.   kd-4    2    4          7
  8.   kp-3    1    5          8
  9.   kp 2   -2    5          9
 10.   kp-4    1    6         10
 11.   kp 3   -2    6         11
 12.   kp 4   -2    7         12
 13.   kf-1    3    7         13
 14.   kp 5   -2    8         14
 15.   kf-2    3    8         15
 16.   kp-5    1    9         16
 17.   kp 6   -2    9         17
 18.   kp-6    1   10         18
 19.   kp 7   -2   10         19
 20.   kp 8   -2   11         20
 21.   kf-3    3   11         21
 22.   ks 5   -1   12         22
 23.   kd-5    2   12         23
 24.   ks 6   -1   13         24
 25.   kd-6    2   13         25
--------------------------------------------------------------------------------
  3.   nch =  40    nc =      40       0
--------------------------------------------------------------------------------
  1.   kp 2   -2    1          1
  2.   ks 2   -1    2          2
  3.   kd-2    2    2          3
  4.   kd 2   -3    2          4
  5.   ks 3   -1    3          5
  6.   kd-3    2    3          6
  7.   kd 3   -3    3          7
  8.   ks 4   -1    4          8
  9.   kd-4    2    4          9
 10.   kd 4   -3    4         10
 11.   kp-2    1    5         11
 12.   kp 3   -2    5         12
 13.   kf-1    3    5         13
 14.   kp-3    1    6         14
 15.   kp 4   -2    6         15
 16.   kf-2    3    6         16
 17.   kp-4    1    7         17
 18.   kp 5   -2    7         18
 19.   kf-3    3    7         19
 20.   kf 1   -4    7         20
 21.   kp-5    1    8         21
 22.   kp 6   -2    8         22
 23.   kf-4    3    8         23
 24.   kf 2   -4    8         24
 25.   kp-6    1    9         25
 26.   kp 7   -2    9         26
 27.   kf-5    3    9         27
 28.   kp-7    1   10         28
 29.   kp 8   -2   10         29
 30.   kf-6    3   10         30
 31.   kp-8    1   11         31
 32.   kp 9   -2   11         32
 33.   kf-7    3   11         33
 34.   kf 3   -4   11         34
 35.   ks 5   -1   12         35
 36.   kd-5    2   12         36
 37.   kd 5   -3   12         37
 38.   ks 6   -1   13         38
 39.   kd-6    2   13         39
 40.   kd 6   -3   13         40
--------------------------------------------------------------------------------
  4.   nch =  37    nc =      37       0
--------------------------------------------------------------------------------
  1.   kd-2    2    1          1
  2.   kp-2    1    2          2
  3.   kp 2   -2    2          3
  4.   kf-1    3    2          4
  5.   kp-3    1    3          5
  6.   kp 3   -2    3          6
  7.   kf-2    3    3          7
  8.   kp-4    1    4          8
  9.   kp 4   -2    4          9
 10.   kf-3    3    4         10
 11.   ks 2   -1    5         11
 12.   kd-3    2    5         12
 13.   kd 2   -3    5         13
 14.   ks 3   -1    6         14
 15.   kd-4    2    6         15
 16.   kd 3   -3    6         16
 17.   ks 4   -1    7         17
 18.   kd-5    2    7         18
 19.   kd 4   -3    7         19
 20.   ks 5   -1    8         20
 21.   kd-6    2    8         21
 22.   kd 5   -3    8         22
 23.   ks 6   -1    9         23
 24.   kd-7    2    9         24
 25.   kd 6   -3    9         25
 26.   ks 7   -1   10         26
 27.   kd-8    2   10         27
 28.   kd 7   -3   10         28
 29.   ks 8   -1   11         29
 30.   kd-9    2   11         30
 31.   kd 8   -3   11         31
 32.   kp-5    1   12         32
 33.   kp 5   -2   12         33
 34.   kf-4    3   12         34
 35.   kp-6    1   13         35
 36.   kp 6   -2   13         36
 37.   kf-5    3   13         37
--------------------------------------------------------------------------------
  5.   nch =  33    nc =      33       0
--------------------------------------------------------------------------------
  1.   kd 2   -3    1          1
  2.   kp 2   -2    2          2
  3.   kf-1    3    2          3
  4.   kf 1   -4    2          4
  5.   kp 3   -2    3          5
  6.   kf-2    3    3          6
  7.   kf 2   -4    3          7
  8.   kp 4   -2    4          8
  9.   kf-3    3    4          9
 10.   kf 3   -4    4         10
 11.   kd-2    2    5         11
 12.   kd 3   -3    5         12
 13.   kd-3    2    6         13
 14.   kd 4   -3    6         14
 15.   ks 2   -1    7         15
 16.   kd-4    2    7         16
 17.   kd 5   -3    7         17
 18.   ks 3   -1    8         18
 19.   kd-5    2    8         19
 20.   kd 6   -3    8         20
 21.   kd-6    2    9         21
 22.   kd 7   -3    9         22
 23.   kd-7    2   10         23
 24.   kd 8   -3   10         24
 25.   ks 4   -1   11         25
 26.   kd-8    2   11         26
 27.   kd 9   -3   11         27
 28.   kp 5   -2   12         28
 29.   kf-4    3   12         29
 30.   kf 4   -4   12         30
 31.   kp 6   -2   13         31
 32.   kf-5    3   13         32
 33.   kf 5   -4   13         33
--------------------------------------------------------------------------------
  6.   nch =  35    nc =      35       0
--------------------------------------------------------------------------------
  1.   kf-1    3    1          1
  2.   kd-2    2    2          2
  3.   kd 2   -3    2          3
  4.   kd-3    2    3          4
  5.   kd 3   -3    3          5
  6.   kd-4    2    4          6
  7.   kd 4   -3    4          7
  8.   kp 2   -2    5          8
  9.   kf-2    3    5          9
 10.   kf 1   -4    5         10
 11.   kp 3   -2    6         11
 12.   kf-3    3    6         12
 13.   kf 2   -4    6         13
 14.   kp-2    1    7         14
 15.   kp 4   -2    7         15
 16.   kf-4    3    7         16
 17.   kf 3   -4    7         17
 18.   kp-3    1    8         18
 19.   kp 5   -2    8         19
 20.   kf-5    3    8         20
 21.   kf 4   -4    8         21
 22.   kp 6   -2    9         22
 23.   kf-6    3    9         23
 24.   kf 5   -4    9         24
 25.   kp 7   -2   10         25
 26.   kf-7    3   10         26
 27.   kf 6   -4   10         27
 28.   kp-4    1   11         28
 29.   kp 8   -2   11         29
 30.   kf-8    3   11         30
 31.   kf 7   -4   11         31
 32.   kd-5    2   12         32
 33.   kd 5   -3   12         33
 34.   kd-6    2   13         34
 35.   kd 6   -3   13         35
--------------------------------------------------------------------------------
  7.   nch =  23    nc =      23       0
--------------------------------------------------------------------------------
  1.   kf 1   -4    1          1
  2.   kd 2   -3    2          2
  3.   kd 3   -3    3          3
  4.   kd 4   -3    4          4
  5.   kf-1    3    5          5
  6.   kf 2   -4    5          6
  7.   kf-2    3    6          7
  8.   kf 3   -4    6          8
  9.   kp 2   -2    7          9
 10.   kf-3    3    7         10
 11.   kf 4   -4    7         11
 12.   kp 3   -2    8         12
 13.   kf-4    3    8         13
 14.   kf 5   -4    8         14
 15.   kf-5    3    9         15
 16.   kf 6   -4    9         16
 17.   kf-6    3   10         17
 18.   kf 7   -4   10         18
 19.   kp 4   -2   11         19
 20.   kf-7    3   11         20
 21.   kf 8   -4   11         21
 22.   kd 5   -3   12         22
 23.   kd 6   -3   13         23
--------------------------------------------------------------------------------
  8.   nch =  20    nc =      20       0
--------------------------------------------------------------------------------
  1.   kf-1    3    2          1
  2.   kf 1   -4    2          2
  3.   kf-2    3    3          3
  4.   kf 2   -4    3          4
  5.   kf-3    3    4          5
  6.   kf 3   -4    4          6
  7.   kd 2   -3    5          7
  8.   kd 3   -3    6          8
  9.   kd-2    2    7          9
 10.   kd 4   -3    7         10
 11.   kd-3    2    8         11
 12.   kd 5   -3    8         12
 13.   kd 6   -3    9         13
 14.   kd 7   -3   10         14
 15.   kd-4    2   11         15
 16.   kd 8   -3   11         16
 17.   kf-4    3   12         17
 18.   kf 4   -4   12         18
 19.   kf-5    3   13         19
 20.   kf 5   -4   13         20
--------------------------------------------------------------------------------
  9.   nch =   8    nc =       8       0
--------------------------------------------------------------------------------
  1.   kf 1   -4    2          1
  2.   kf 2   -4    3          2
  3.   kf 3   -4    4          3
  4.   kd 2   -3    7          4
  5.   kd 3   -3    8          5
  6.   kd 4   -3   11          6
  7.   kf 4   -4   12          7
  8.   kf 5   -4   13          8
--------------------------------------------------------------------------------
max_ch  =       40  -  max.number of channels
max_nc  =       53  -  max.number of configurations
max_wf  =       57  -  max.number of orbitals
------------------------------------------------------------------------
