      -2979.67991659      -2979.67991659          0.00000000     targ_001
      -2979.05742392      -2979.05539687         -0.00202705     targ_002
      -2979.04128301      -2979.02560415         -0.01567886     targ_003
      -2979.02370914      -2979.00538695         -0.01832219     targ_004
      -2978.96656698      -2978.96608447         -0.00048251     targ_005
      -2978.96608447      -2978.96518408         -0.00090039     targ_006
      -2978.96518408      -2978.96368637         -0.00149771     targ_007
      -2978.96440197      -2978.95475880         -0.00964317     targ_008
      -2978.95463666      -2978.93041440         -0.02422226     targ_009
      -2978.93041440      -2978.92750933         -0.00290507     targ_010
      -2978.92750933      -2978.92508824         -0.00242109     targ_011
      -2978.92449478      -2978.90505233         -0.01944245     targ_012
      -2978.80400266      -2978.90154541          0.09754275     targ_013
