      -2979.67991659      -2979.67991659          0.00000000     targ_001
      -2979.05596002      -2979.05539687         -0.00056315     targ_002
      -2979.02602672      -2979.02560415         -0.00042257     targ_003
      -2979.01272550      -2979.00538695         -0.00733855     targ_004
      -2978.97512962      -2978.96608447         -0.00904515     targ_005
      -2978.96387696      -2978.96518408          0.00130712     targ_006
      -2978.96234275      -2978.96368637          0.00134362     targ_007
      -2978.95471575      -2978.95475880          0.00004305     targ_008
      -2978.94274199      -2978.93041440         -0.01232759     targ_009
      -2978.92973726      -2978.92750933         -0.00222793     targ_010
      -2978.92494070      -2978.92508824          0.00014754     targ_011
      -2978.92198265      -2978.90505233         -0.01693032     targ_012
      -2978.85553147      -2978.90154541          0.04601394     targ_013
