      -2979.67991659      -2979.67991659          0.00000000     targ_001
      -2979.05565897      -2979.05539687         -0.00026210     targ_002
      -2979.02574372      -2979.02560415         -0.00013957     targ_003
      -2979.00861100      -2979.00538695         -0.00322405     targ_004
      -2978.97029756      -2978.96608447         -0.00421309     targ_005
      -2978.96377266      -2978.96518408          0.00141142     targ_006
      -2978.96252867      -2978.96368637          0.00115770     targ_007
      -2978.95473785      -2978.95475880          0.00002095     targ_008
      -2978.93091333      -2978.93041440         -0.00049893     targ_009
      -2978.93017656      -2978.92750933         -0.00266723     targ_010
      -2978.92618950      -2978.92508824         -0.00110126     targ_011
      -2978.92502290      -2978.90505233         -0.01997057     targ_012
      -2978.87205869      -2978.90154541          0.02948672     targ_013
